    1.610681  42.623567
    1.60504700000001  42.623145
    1.60022300000009  42.6281930000001
    1.59410800000006  42.632656
    1.58581400000003  42.636772
    1.57840700000008  42.6461640000001
    1.56774000000001  42.6502990000001
    1.55105700000001  42.6523180000001
    1.53288300000008  42.645305
    1.50753200000014  42.643525
    1.50195500000007  42.645524
    1.49808100000001  42.649278
    1.489035  42.651719
    1.48532700000004  42.647874
    1.48420800000002  42.641057
    1.47892000000002  42.6347390000001
    1.47721100000007  42.6272730000001
    1.479939  42.619464